5
225
512
1296
7776
1
279936
815730721
387420489
137858491849
1977326743
16777216
96889010407
11112006825558016
35184372088832
6568408355712890625
17179869184
387420489
19073486328125
1152921504606846976
1000000000000000000000
73786976294838206464
27368747340080916343
9849732675807611094711841
1125899906842624
3787675244106352329254150390625
2417851639229258349412352
6140942214464815497216
36845653286788892983296
931322574615478515625
1326443518324400147398656
3433683820292512484657849089281
633825300114114700748351602688
16677181699666569
34359738368
4722366482869645213696
72759576141834259033203125
1350851717672992089
166153499473114484112975882535043072
6366805760909027985741435139224001
2199023255552
19342813113834066795298816
1136868377216160297393798828125
984770902183611232881
1000000000000000000000000000000000000000000000
70368744177664
26588814358957503287787
0
256923577521058878088611477224235621321607
100000000000000000000000000000000000000000000000000
11417981541647679048466287755595961091061972992
1420429319844313329730664601483335671261683881745483121
11102230246251565404236316680908203125
3227958844833626033698502022506460207296186126768589019775390625
174449211009120179071170507
2717376270889601918875979639080849756517127883888251440726016
3124432031290254610011894949223517352998211575328796815860858733
2988312898250493125880266449147734140843019193435449784797082157056
14130386091738734504764811067
508021860739623365322188197652216501772434524836001
3556153025177363557255317383565515512407041673852007
1
